3866
3780
3789
4354
3447
1020
4755
4674
2084
2735
2792
1361
4430
3347
1288
281
3085
4231
2843
676
2204
2194
1979
483
1372
1371
1809
4029
4342
3055
3050
964
4135
789
797
3964
2738
1192
2608
419
2870
1447
625
3472
4557
4896
1985
2101
2109
2135
3808
4928
3362
224
3153
325
298
81
1021
2132
777
368
2537
4933
4043
3164
4409
724
812
719
700
2207
669
4414
4146
4863
1812
367
115
1196
2281
1048
1131
4507
801
2794
2816
1276
1248
1285
3176
57
2089
3915
1545
1163
4207
3593
336
4620
4970
2569
2939
3650
3499
721
1829
4726
4265
4359
1754
4654
3880
2338
686
4986
3813
88
4877
293
4179
440
1304
1649
871
4073
4340
176
184
4818
3354
2658
2590
1582
1744
2994
3701
4147
4145
3682
382
540
3192
507
2405
4585
4786
2406
1400
58
2171
1207
1012
1272
2732
3598
3152
3088
1132
1444
827
4447
3345
677
2241
2291
4631
1764
2468
2401
385
1615
1482
1425
1593
4257
988
3407
4220
99
1072
3603
3456
248
2518
2444
2383
2009
1962
601
2121
426
1152
1114
1097
1069
3767
59
445
2797
4676
1314
3191
3146
256
1569
2902
381
4121
2704
2164
1860
3234
4757
4032
3836
1410
913
4727
2565
2731
1212
2598
3652
135
1385
4226
567
142
3117
1927
3022
2790
113
4958
2087
660
2220
309
4487
3156
4419
1782
631
255
852
3951
2652
4153
743
1958
1749
2944
330
1791
1512
2369
2261
2702
2316
3240
1194
3947
3920
815
3330
2965
1690
1279
4034
3222
3831
3766
1933
387
3724
3903
3937
4974
2421
4253
2835
3543
3249
245
4898
2498
3072
4842
3065
1571
4567
2147
4042
327
1548
3231
3284
4395
1877
225
993
1045
3077
147
4156
76
2722
4434
1537
3081
2900
4604
1865
3352
1184
4013
4335
4319
4399
4792
3251
2018
1365
803
1863
1597
4530
484
4347
4367
4315
3438
126
4940
1816
3159
4454
75
56
4279
2692
87
1949
2056
2257
2034
710
3761
781
4889
4553
2023
3513
243
4967
3016
3054
4692
379
258
3686
2438
1901
1862
1200
3736
4776
4357
800
3367
4713
12
1013
1260
3514
4248
2905
2907
236
1244
4423
2671
2757
2495
133
4984
1995
251
234
1330
3744
3418
3567
830
3885
1151
252
4718
3527
1758
1818
322
2716
418
600
2524
2574
2624
2389
556
542
530
505
1176
536
3057
2140
4978
1139
249
934
659
3555
46
3931
978
428
4592
1450
1704
3165
1299
2903
2895
2785
1518
4846
455
2532
4064
3241
287
2045
308
1884
3844
4104
1091
3975
787
1655
4743
3655
119
2541
4309
3671
1229
393
3013
434
596
2619
1796
1894
4923
3184
3637
2750
2107
3893
1760
1743
4471
2549
532
553
1572
3277
3729
4236
386
196
831
3546
4648
1897
4370
3394
975
1075
2371
2466
25
4404
1736
2493
178
3625
3590
192
621
4439
4858
2486
1282
292
4926
3996
4317
2780
2910
4502
4554
2706
2529
4374
4948
30
4457
3205
3679
4283
4263
1913
2934
3487
3703
2003
2277
2469
1016
4293
312
3336
851
3188
2542
2300
3995
652
4387
4906
3381
3794
548
614
4030
3572
1046
3718
897
4221
4276
2106
3061
1418
3068
3515
209
3428
808
973
647
3012
3221
1973
66
1438
4513
371
2279
467
2396
527
2233
2267
4306
3832
3879
3859
2177
4586
2723
4289
2095
1446
3432
630
3003
2984
2116
683
1439
4381
1724
3099
4443
861
1888
319
4920
289
1573
4941
4050
4088
4120
84
3716
855
1936
1484
3220
361
3244
1376
2557
2122
2814
824
3052
3163
4489
2394
1899
1948
188
2837
772
1164
3917
986
107
2129
2886
4720
4331
4651
1947
4899
2618
2755
2054
4026
705
3122
366
2635
4118
2604
2642
108
3412
3492
1700
1199
535
1322
2441
1577
693
2334
4287
1167
102
2098
1386
4589
3664
3436
1032
4002
4144
4972
186
1063
3534
2815
2866
4143
2167
3777
734
604
584
1375
4168
1497
618
4102
3170
2042
93
2302
2726
2798
1991
1300
2560
3576
1306
985
3898
3353
1930
2362
2662
217
4556
974
3479
3680
1570
3595
3886
1024
4635
1555
1309
3019
2781
3317
3211
2294
4760
4798
3001
4545
212
2402
4113
2821
3489
662
4230
3303
1638
1585
1879
4996
748
4535
581
2283
2285
3985
1116
3201
3139
2859
4072
2014
620
1774
3027
3689
470
632
231
4124
1746
1838
854
2737
1101
1076
996
953
171
955
4707
3616
4086
2483
4197
1233
3009
1722
1543
4475
1025
2721
3505
3440
3038
369
1547
2363
2791
3870
3252
1966
2519
1185
1755
2452
485
1709
3537
2360
653
2372
4737
3149
4214
1873
1289
4568
1331
3573
3704
2103
313
4882
3327
1790
3320
1742
273
4510
1466
2131
4401
2559
3502
275
4079
1407
4993
271
2287
836
3906
1008
4883
4652
3032
1349
1342
3301
3272
4873
641
2203
3554
3998
2912
4831
490
4297
2298
4539
4452
3768
1712
1721
4161
3083
1232
1883
3458
489
101
3270
3626
3817
1315
4446
2047
694
554
1786
1108
4893
4233
2143
4403
1068
889
4259
2556
3292
1623
4305
3126
4159
3858
1977
3243
1610
3193
1992
1338
3288
961
1246
270
279
237
4751
667
3588
4420
331
2825
2004
4710
2374
875
2344
4277
4097
1576
2462
2471
4912
4981
4338
1011
894
708
4892
3363
2827
1079
2928
726
1984
4425
1049
3331
4802
521
4298
4552
4435
839
1238
1067
4514
4386
873
2918
3597
4210
2125
72
2509
1239
1461
4365
394
4693
1550
2554
2648
4129
1614
1970
3467
3151
1344
3912
2577
2514
3949
4806
4017
2660
2684
372
2005
3989
3423
3921
1414
2390
97
4953
1898
2239
2260
764
2499
4353
2001
3417
3536
3727
2138
4523
2544
2186
1588
2454
4991
3958
202
